Time,фз╨е,лУд©╠Ю╨е,Type,Importance,Brief,Content,Publisher,SourceUri
2021.01.13ллллллллллллллллллллллллллллллллллллллллллллллE:\starlink\daily\20210113-╣з598фз.csv,598,1,0,0,20057U╨енюпг╫ЬхК╧Л╣юцФ21оЮн╩╨е1,20057U╨енюпг╫ЬхК╧Л╣юцФ21оЮн╩╨е1...
2021.01.13ллллллллллллллллллллллллллллллллллллллллллллллE:\starlink\daily\20210113-╣з598фз.csv,598,2,0,0,20057P╨енюпг╫ЬхК╧Л╣юцФ21оЮн╩╨е2,20057P╨енюпг╫ЬхК╧Л╣юцФ21оЮн╩╨е2...
2021.01.13ллллллллллллллллллллллллллллллллллллллллллллллE:\starlink\daily\20210113-╣з598фз.csv,598,3,0,0,20057T╨енюпг╫ЬхК╧Л╣юцФ21оЮн╩╨е5,20057T╨енюпг╫ЬхК╧Л╣юцФ21оЮн╩╨е5...
2021.01.13ллллллллллллллллллллллллллллллллллллллллллллллE:\starlink\daily\20210113-╣з598фз.csv,598,4,0,0,20057AS╨енюпг╫ЬхК╧Л╣юцФ21оЮн╩╨е9,20057AS╨енюпг╫ЬхК╧Л╣юцФ21оЮн╩╨е9...
2021.01.13ллллллллллллллллллллллллллллллллллллллллллллллE:\starlink\daily\20210113-╣з598фз.csv,598,5,0,0,20057G╨енюпг╫ЬхК╧Л╣юцФ21оЮн╩╨е17,20057G╨енюпг╫ЬхК╧Л╣юцФ21оЮн╩╨е17...
2021.01.13ллллллллллллллллллллллллллллллллллллллллллллллE:\starlink\daily\20210113-╣з598фз.csv,598,6,0,0,20001BL╨енюпгюК©╙╧Л╣юцФ27оЮн╩12,20001BL╨енюпгюК©╙╧Л╣юцФ27оЮн╩12...
2021.01.13ллллллллллллллллллллллллллллллллллллллллллллллE:\starlink\daily\20210113-╣з598фз.csv,598,7,0,0,20025BA╨енюпг╫ЬхК╧Л╣юцФ45оЮн╩╨е13,20025BA╨енюпг╫ЬхК╧Л╣юцФ45оЮн╩╨е13...
2021.01.13ллллллллллллллллллллллллллллллллллллллллллллллE:\starlink\daily\20210113-╣з598фз.csv,598,8,0,0,20070K╨енюпгюК©╙╧Л╣юцФ69оЮн╩18,20070K╨енюпгюК©╙╧Л╣юцФ69оЮн╩18...
